"","V1","V2","V3","V4","V5","V6","V7","V8","V9","V10","V11","V12","V13","V14","V15"
"1",0.0727699530516432,0.10093896713615,0.0868544600938967,0.07981220657277,0.0375586854460094,0.0375586854460094,0.0586854460093897,0.0375586854460094,0.0938967136150235,0.150234741784038,0.0446009389671362,0.0446009389671362,0.0516431924882629,0.0586854460093897,0.0446009389671362
"2",0.0596205962059621,0.157181571815718,0.0921409214092141,0.0758807588075881,0.035230352303523,0.02710027100271,0.035230352303523,0.0514905149051491,0.0758807588075881,0.140921409214092,0.02710027100271,0.0514905149051491,0.0840108401084011,0.035230352303523,0.0514905149051491
"3",0.0698412698412698,0.241269841269841,0.0412698412698413,0.0698412698412698,0.0317460317460317,0.0507936507936508,0.0317460317460317,0.0317460317460317,0.0603174603174603,0.155555555555556,0.0507936507936508,0.0317460317460317,0.0603174603174603,0.0317460317460317,0.0412698412698413
"4",0.0316301703163017,0.403892944038929,0.0462287104622871,0.0462287104622871,0.0316301703163017,0.0316301703163017,0.0462287104622871,0.0316301703163017,0.0389294403892944,0.0827250608272506,0.0462287104622871,0.0389294403892944,0.0681265206812652,0.024330900243309,0.0316301703163017
"5",0.0568475452196382,0.382428940568475,0.0645994832041344,0.041343669250646,0.041343669250646,0.041343669250646,0.0801033591731266,0.0335917312661499,0.0335917312661499,0.0568475452196382,0.0258397932816537,0.0335917312661499,0.041343669250646,0.0335917312661499,0.0335917312661499
"6",0.0407124681933842,0.323155216284987,0.0636132315521628,0.0407124681933842,0.0330788804071247,0.0483460559796438,0.0483460559796438,0.0483460559796438,0.0636132315521628,0.0483460559796438,0.0483460559796438,0.10941475826972,0.0254452926208651,0.0330788804071247,0.0254452926208651
"7",0.036231884057971,0.155797101449275,0.101449275362319,0.0579710144927536,0.0471014492753623,0.036231884057971,0.036231884057971,0.0579710144927536,0.0905797101449275,0.0579710144927536,0.036231884057971,0.144927536231884,0.0471014492753623,0.0579710144927536,0.036231884057971
"8",0.0673758865248227,0.0780141843971631,0.099290780141844,0.0673758865248227,0.0354609929078014,0.0567375886524823,0.0354609929078014,0.0567375886524823,0.099290780141844,0.0780141843971631,0.0780141843971631,0.141843971631206,0.0354609929078014,0.0354609929078014,0.0354609929078014
"9",0.0517799352750809,0.0614886731391586,0.0711974110032362,0.0517799352750809,0.0711974110032362,0.0323624595469256,0.0517799352750809,0.0711974110032362,0.0809061488673139,0.110032362459547,0.0906148867313916,0.110032362459547,0.0517799352750809,0.0517799352750809,0.0420711974110032
"10",0.0489296636085627,0.140672782874618,0.0489296636085627,0.0397553516819572,0.0856269113149847,0.0305810397553517,0.0305810397553517,0.0397553516819572,0.0764525993883792,0.140672782874618,0.0948012232415902,0.113149847094801,0.0397553516819572,0.0397553516819572,0.0305810397553517
"11",0.0297619047619048,0.101190476190476,0.0386904761904762,0.0476190476190476,0.0654761904761905,0.0476190476190476,0.0833333333333333,0.0654761904761905,0.0565476190476191,0.145833333333333,0.101190476190476,0.0833333333333333,0.0476190476190476,0.0476190476190476,0.0386904761904762
"12",0.0378787878787879,0.140151515151515,0.0492424242424242,0.0606060606060606,0.0492424242424242,0.0492424242424242,0.071969696969697,0.071969696969697,0.0606060606060606,0.140151515151515,0.0833333333333333,0.0606060606060606,0.0378787878787879,0.0492424242424242,0.0378787878787879
"13",0.0573476702508961,0.100358422939068,0.0465949820788531,0.0788530465949821,0.03584229390681,0.0465949820788531,0.0896057347670251,0.0573476702508961,0.0681003584229391,0.121863799283154,0.0788530465949821,0.111111111111111,0.03584229390681,0.03584229390681,0.03584229390681
"14",0.0456140350877193,0.119298245614035,0.056140350877193,0.108771929824561,0.0350877192982456,0.056140350877193,0.0666666666666667,0.0456140350877193,0.0456140350877193,0.119298245614035,0.0666666666666667,0.087719298245614,0.056140350877193,0.0350877192982456,0.056140350877193
"15",0.0484848484848485,0.103030303030303,0.0484848484848485,0.0666666666666667,0.0484848484848485,0.0303030303030303,0.0575757575757576,0.0484848484848485,0.0666666666666667,0.166666666666667,0.0939393939393939,0.103030303030303,0.0393939393939394,0.0393939393939394,0.0393939393939394
"16",0.0340136054421769,0.0442176870748299,0.0340136054421769,0.0748299319727891,0.054421768707483,0.0442176870748299,0.0340136054421769,0.054421768707483,0.0850340136054422,0.197278911564626,0.105442176870748,0.0748299319727891,0.054421768707483,0.0340136054421769,0.0748299319727891
"17",0.0416666666666667,0.0494791666666667,0.0338541666666667,0.0885416666666667,0.0260416666666667,0.0416666666666667,0.0572916666666667,0.0494791666666667,0.0572916666666667,0.322916666666667,0.0572916666666667,0.0338541666666667,0.0494791666666667,0.0338541666666667,0.0572916666666667
"18",0.0459770114942529,0.0373563218390805,0.0373563218390805,0.0890804597701149,0.028735632183908,0.028735632183908,0.0545977011494253,0.0373563218390805,0.0373563218390805,0.35632183908046,0.0545977011494253,0.028735632183908,0.0373563218390805,0.0545977011494253,0.0718390804597701
"19",0.0426666666666667,0.0426666666666667,0.0266666666666667,0.0666666666666667,0.0346666666666667,0.0266666666666667,0.0266666666666667,0.0266666666666667,0.0586666666666667,0.402666666666667,0.0586666666666667,0.0266666666666667,0.0586666666666667,0.0346666666666667,0.0666666666666667
"20",0.0427350427350427,0.0427350427350427,0.0427350427350427,0.0555555555555556,0.0555555555555556,0.0427350427350427,0.0555555555555556,0.0683760683760684,0.0555555555555556,0.222222222222222,0.0683760683760684,0.0683760683760684,0.0683760683760684,0.0427350427350427,0.0683760683760684
"21",0.0416666666666667,0.0541666666666667,0.0541666666666667,0.0416666666666667,0.0416666666666667,0.0541666666666667,0.0541666666666667,0.0666666666666667,0.0916666666666667,0.166666666666667,0.0791666666666667,0.0791666666666667,0.0666666666666667,0.0541666666666667,0.0541666666666667
"22",0.0822510822510823,0.0692640692640693,0.0822510822510823,0.0562770562770563,0.0562770562770563,0.0562770562770563,0.0562770562770563,0.0432900432900433,0.0692640692640693,0.121212121212121,0.0432900432900433,0.121212121212121,0.0432900432900433,0.0562770562770563,0.0432900432900433
"23",0.0650406504065041,0.0528455284552846,0.0650406504065041,0.040650406504065,0.0528455284552846,0.0650406504065041,0.0650406504065041,0.040650406504065,0.113821138211382,0.126016260162602,0.0528455284552846,0.113821138211382,0.040650406504065,0.040650406504065,0.0650406504065041
"24",0.0736434108527132,0.0736434108527132,0.0503875968992248,0.0387596899224806,0.062015503875969,0.0503875968992248,0.062015503875969,0.0503875968992248,0.0852713178294574,0.189922480620155,0.0387596899224806,0.0736434108527132,0.0387596899224806,0.0387596899224806,0.0736434108527132
"25",0.0366300366300366,0.0476190476190476,0.0366300366300366,0.0366300366300366,0.0476190476190476,0.0805860805860806,0.0366300366300366,0.0586080586080586,0.0476190476190476,0.322344322344322,0.0476190476190476,0.0476190476190476,0.0476190476190476,0.0476190476190476,0.0586080586080586
"26",0.0620915032679739,0.0326797385620915,0.042483660130719,0.0522875816993464,0.0522875816993464,0.0522875816993464,0.042483660130719,0.042483660130719,0.0522875816993464,0.297385620915033,0.0816993464052288,0.0522875816993464,0.042483660130719,0.042483660130719,0.0522875816993464
"27",0.0311526479750779,0.0311526479750779,0.0685358255451713,0.0311526479750779,0.0311526479750779,0.0311526479750779,0.0311526479750779,0.0404984423676013,0.0498442367601246,0.376947040498442,0.0778816199376947,0.0311526479750779,0.059190031152648,0.0498442367601246,0.059190031152648
"28",0.0567375886524823,0.0354609929078014,0.0886524822695035,0.0354609929078014,0.0460992907801418,0.0354609929078014,0.0354609929078014,0.0354609929078014,0.0354609929078014,0.333333333333333,0.0673758865248227,0.0354609929078014,0.0460992907801418,0.0354609929078014,0.0780141843971631
"29",0.0383141762452107,0.0383141762452107,0.049808429118774,0.049808429118774,0.0383141762452107,0.0383141762452107,0.0383141762452107,0.0383141762452107,0.049808429118774,0.348659003831418,0.0727969348659004,0.0383141762452107,0.049808429118774,0.049808429118774,0.0613026819923372
"30",0.0280112044817927,0.0448179271708684,0.0280112044817927,0.0280112044817927,0.0532212885154062,0.0364145658263305,0.0448179271708684,0.0448179271708684,0.0448179271708684,0.456582633053221,0.0280112044817927,0.0364145658263305,0.0448179271708684,0.0532212885154062,0.0280112044817927
"31",0.0386473429951691,0.0386473429951691,0.0314009661835749,0.0386473429951691,0.0386473429951691,0.0966183574879227,0.0386473429951691,0.0241545893719807,0.0676328502415459,0.386473429951691,0.0314009661835749,0.0241545893719807,0.0241545893719807,0.0821256038647343,0.0386473429951691
"32",0.0311750599520384,0.0383693045563549,0.0455635491606715,0.052757793764988,0.052757793764988,0.0959232613908873,0.0311750599520384,0.0311750599520384,0.0311750599520384,0.398081534772182,0.0239808153477218,0.0455635491606715,0.0239808153477218,0.0743405275779377,0.0239808153477218
"33",0.0340136054421769,0.0748299319727891,0.0952380952380952,0.0748299319727891,0.0646258503401361,0.115646258503401,0.0340136054421769,0.0340136054421769,0.0442176870748299,0.146258503401361,0.0442176870748299,0.0442176870748299,0.0442176870748299,0.115646258503401,0.0340136054421769
"34",0.0541666666666667,0.0791666666666667,0.0416666666666667,0.0541666666666667,0.0666666666666667,0.0416666666666667,0.0416666666666667,0.0416666666666667,0.0541666666666667,0.141666666666667,0.0541666666666667,0.0666666666666667,0.0541666666666667,0.116666666666667,0.0916666666666667
"35",0.0573476702508961,0.0573476702508961,0.0573476702508961,0.0573476702508961,0.0573476702508961,0.0465949820788531,0.0573476702508961,0.0681003584229391,0.0573476702508961,0.100358422939068,0.0573476702508961,0.111111111111111,0.03584229390681,0.0896057347670251,0.0896057347670251
"36",0.0549828178694158,0.0446735395189004,0.0446735395189004,0.0962199312714777,0.0652920962199313,0.0652920962199313,0.0446735395189004,0.0549828178694158,0.0549828178694158,0.0652920962199313,0.127147766323024,0.13745704467354,0.0343642611683849,0.0652920962199313,0.0446735395189004
"37",0.0528052805280528,0.0627062706270627,0.0429042904290429,0.0627062706270627,0.0429042904290429,0.0528052805280528,0.0825082508250825,0.0825082508250825,0.0726072607260726,0.0825082508250825,0.141914191419142,0.102310231023102,0.033003300330033,0.0429042904290429,0.0429042904290429
"38",0.0333333333333333,0.0433333333333333,0.0633333333333333,0.0333333333333333,0.0433333333333333,0.0333333333333333,0.0533333333333333,0.0733333333333333,0.0433333333333333,0.123333333333333,0.223333333333333,0.123333333333333,0.0333333333333333,0.0433333333333333,0.0333333333333333
"39",0.037037037037037,0.0703703703703704,0.0592592592592593,0.0814814814814815,0.0481481481481482,0.037037037037037,0.0481481481481482,0.0814814814814815,0.037037037037037,0.125925925925926,0.17037037037037,0.0925925925925926,0.037037037037037,0.037037037037037,0.037037037037037
"40",0.0335917312661499,0.0335917312661499,0.0490956072351421,0.0568475452196382,0.0258397932816537,0.0335917312661499,0.041343669250646,0.0490956072351421,0.0490956072351421,0.359173126614987,0.134366925064599,0.041343669250646,0.0258397932816537,0.0335917312661499,0.0335917312661499
"41",0.0297619047619048,0.0476190476190476,0.0476190476190476,0.0297619047619048,0.0386904761904762,0.0476190476190476,0.0654761904761905,0.0565476190476191,0.0833333333333333,0.369047619047619,0.0476190476190476,0.0476190476190476,0.0297619047619048,0.0297619047619048,0.0297619047619048
"42",0.0550724637681159,0.0898550724637681,0.0376811594202899,0.0376811594202899,0.0289855072463768,0.0376811594202899,0.063768115942029,0.0550724637681159,0.0550724637681159,0.32463768115942,0.072463768115942,0.0463768115942029,0.0289855072463768,0.0376811594202899,0.0289855072463768
"43",0.080168776371308,0.143459915611814,0.0421940928270042,0.0421940928270042,0.080168776371308,0.0421940928270042,0.0548523206751055,0.0548523206751055,0.0548523206751055,0.0675105485232068,0.0675105485232068,0.080168776371308,0.0675105485232068,0.0548523206751055,0.0675105485232068
"44",0.0528052805280528,0.260726072607261,0.0528052805280528,0.0528052805280528,0.0726072607260726,0.0429042904290429,0.0429042904290429,0.0825082508250825,0.0528052805280528,0.0627062706270627,0.0429042904290429,0.0429042904290429,0.0429042904290429,0.0528052805280528,0.0429042904290429
"45",0.039039039039039,0.183183183183183,0.03003003003003,0.0930930930930931,0.0840840840840841,0.039039039039039,0.03003003003003,0.039039039039039,0.039039039039039,0.12012012012012,0.102102102102102,0.0660660660660661,0.03003003003003,0.039039039039039,0.0660660660660661
"46",0.0280112044817927,0.187675070028011,0.0448179271708684,0.120448179271709,0.103641456582633,0.0280112044817927,0.0280112044817927,0.0532212885154062,0.0448179271708684,0.128851540616247,0.0868347338935574,0.0364145658263305,0.0364145658263305,0.0448179271708684,0.0280112044817927
"47",0.0376811594202899,0.107246376811594,0.0463768115942029,0.133333333333333,0.0463768115942029,0.0376811594202899,0.0463768115942029,0.0550724637681159,0.072463768115942,0.133333333333333,0.0985507246376812,0.0463768115942029,0.0289855072463768,0.0550724637681159,0.0550724637681159
"48",0.0575757575757576,0.103030303030303,0.0575757575757576,0.112121212121212,0.0757575757575758,0.0303030303030303,0.0484848484848485,0.0484848484848485,0.0575757575757576,0.0848484848484849,0.0757575757575758,0.0757575757575758,0.0393939393939394,0.0484848484848485,0.0848484848484849
"49",0.063973063973064,0.063973063973064,0.0841750841750842,0.114478114478114,0.0942760942760943,0.0437710437710438,0.0336700336700337,0.063973063973064,0.063973063973064,0.0740740740740741,0.0437710437710438,0.0942760942760943,0.0538720538720539,0.0336700336700337,0.0740740740740741
"50",0.0343642611683849,0.0859106529209622,0.0652920962199313,0.15807560137457,0.0859106529209622,0.0446735395189004,0.0652920962199313,0.0549828178694158,0.0652920962199313,0.0962199312714777,0.0446735395189004,0.0343642611683849,0.0859106529209622,0.0343642611683849,0.0446735395189004
"51",0.0358126721763085,0.143250688705234,0.0606060606060606,0.192837465564738,0.0275482093663912,0.0440771349862259,0.068870523415978,0.0523415977961433,0.0771349862258953,0.0771349862258953,0.0523415977961433,0.0440771349862259,0.0440771349862259,0.0275482093663912,0.0523415977961433
"52",0.0311750599520384,0.175059952038369,0.0239808153477218,0.239808153477218,0.0311750599520384,0.0383693045563549,0.0671462829736211,0.052757793764988,0.0311750599520384,0.0887290167865707,0.0671462829736211,0.0455635491606715,0.0383693045563549,0.0239808153477218,0.0455635491606715
"53",0.0311750599520384,0.146282973621103,0.052757793764988,0.203836930455635,0.0455635491606715,0.0815347721822542,0.0383693045563549,0.0383693045563549,0.0311750599520384,0.0815347721822542,0.0599520383693046,0.0743405275779377,0.0311750599520384,0.0311750599520384,0.052757793764988
"54",0.0566893424036281,0.0566893424036281,0.0566893424036281,0.240362811791383,0.0430839002267574,0.0702947845804989,0.0498866213151927,0.0294784580498866,0.0566893424036281,0.0770975056689342,0.0430839002267574,0.0634920634920635,0.0634920634920635,0.0226757369614512,0.0702947845804989
"55",0.0476190476190476,0.0701754385964912,0.0325814536340852,0.197994987468672,0.0551378446115288,0.100250626566416,0.0401002506265664,0.0476190476190476,0.0701754385964912,0.06265664160401,0.025062656641604,0.100250626566416,0.06265664160401,0.025062656641604,0.06265664160401
"56",0.0493827160493827,0.058641975308642,0.0401234567901235,0.197530864197531,0.058641975308642,0.0493827160493827,0.0493827160493827,0.0864197530864198,0.0308641975308642,0.058641975308642,0.0401234567901235,0.169753086419753,0.0308641975308642,0.0401234567901235,0.0401234567901235
"57",0.0404984423676013,0.0498442367601246,0.0965732087227414,0.0685358255451713,0.0498442367601246,0.0498442367601246,0.0498442367601246,0.059190031152648,0.0404984423676013,0.0498442367601246,0.0872274143302181,0.143302180685358,0.0778816199376947,0.105919003115265,0.0311526479750779
"58",0.0333333333333333,0.0533333333333333,0.0933333333333333,0.0733333333333333,0.0333333333333333,0.0533333333333333,0.0433333333333333,0.123333333333333,0.0433333333333333,0.0433333333333333,0.113333333333333,0.0833333333333333,0.0433333333333333,0.133333333333333,0.0333333333333333
"59",0.036231884057971,0.0471014492753623,0.123188405797101,0.036231884057971,0.0471014492753623,0.0797101449275362,0.0471014492753623,0.123188405797101,0.0579710144927536,0.0579710144927536,0.0797101449275362,0.0797101449275362,0.036231884057971,0.11231884057971,0.036231884057971
"60",0.0411522633744856,0.0534979423868313,0.0781893004115226,0.0534979423868313,0.0411522633744856,0.0781893004115226,0.0411522633744856,0.152263374485597,0.0534979423868313,0.0781893004115226,0.065843621399177,0.0411522633744856,0.0781893004115226,0.0905349794238683,0.0534979423868313
"61",0.0421940928270042,0.0548523206751055,0.080168776371308,0.0421940928270042,0.0548523206751055,0.0675105485232068,0.080168776371308,0.080168776371308,0.080168776371308,0.0675105485232068,0.0421940928270042,0.0675105485232068,0.105485232067511,0.0548523206751055,0.080168776371308
"62",0.0476190476190476,0.0476190476190476,0.0586080586080586,0.0476190476190476,0.0805860805860806,0.113553113553114,0.113553113553114,0.0366300366300366,0.0476190476190476,0.0915750915750916,0.0586080586080586,0.0695970695970696,0.0695970695970696,0.0366300366300366,0.0805860805860806
"63",0.0412698412698413,0.0317460317460317,0.0412698412698413,0.0412698412698413,0.0984126984126984,0.193650793650794,0.107936507936508,0.0317460317460317,0.0507936507936508,0.0984126984126984,0.0698412698412698,0.0412698412698413,0.0412698412698413,0.0412698412698413,0.0698412698412698
"64",0.033003300330033,0.0429042904290429,0.0429042904290429,0.0528052805280528,0.033003300330033,0.171617161716172,0.0627062706270627,0.0825082508250825,0.0627062706270627,0.0924092409240924,0.0528052805280528,0.0528052805280528,0.0528052805280528,0.0429042904290429,0.122112211221122
"65",0.0515873015873016,0.0396825396825397,0.0515873015873016,0.0515873015873016,0.0515873015873016,0.194444444444444,0.0515873015873016,0.0873015873015873,0.0634920634920635,0.0634920634920635,0.0396825396825397,0.0396825396825397,0.0873015873015873,0.0396825396825397,0.0873015873015873
"66",0.0637254901960784,0.0490196078431373,0.0637254901960784,0.0490196078431373,0.0490196078431373,0.122549019607843,0.0637254901960784,0.107843137254902,0.107843137254902,0.0637254901960784,0.0637254901960784,0.0490196078431373,0.0490196078431373,0.0490196078431373,0.0490196078431373
"67",0.0537634408602151,0.0698924731182796,0.0537634408602151,0.0537634408602151,0.0537634408602151,0.118279569892473,0.0537634408602151,0.0537634408602151,0.0860215053763441,0.0537634408602151,0.102150537634409,0.0860215053763441,0.0537634408602151,0.0537634408602151,0.0537634408602151
"68",0.0822510822510823,0.0692640692640693,0.0692640692640693,0.0692640692640693,0.0562770562770563,0.0822510822510823,0.0432900432900433,0.0952380952380952,0.0432900432900433,0.108225108225108,0.0692640692640693,0.0822510822510823,0.0432900432900433,0.0432900432900433,0.0432900432900433
"69",0.0992063492063492,0.0515873015873016,0.0396825396825397,0.0753968253968254,0.0396825396825397,0.0515873015873016,0.0753968253968254,0.0634920634920635,0.0396825396825397,0.123015873015873,0.0396825396825397,0.0992063492063492,0.0396825396825397,0.0396825396825397,0.123015873015873
"70",0.0408805031446541,0.050314465408805,0.0691823899371069,0.0691823899371069,0.0314465408805031,0.0691823899371069,0.050314465408805,0.0974842767295598,0.0408805031446541,0.116352201257862,0.050314465408805,0.0974842767295598,0.0408805031446541,0.0408805031446541,0.135220125786164
"71",0.0383141762452107,0.0383141762452107,0.0727969348659004,0.0842911877394636,0.049808429118774,0.0727969348659004,0.0383141762452107,0.0613026819923372,0.0613026819923372,0.176245210727969,0.0383141762452107,0.0613026819923372,0.049808429118774,0.0383141762452107,0.118773946360153
"72",0.0416666666666667,0.0666666666666667,0.0791666666666667,0.0541666666666667,0.0416666666666667,0.0666666666666667,0.0666666666666667,0.0791666666666667,0.104166666666667,0.104166666666667,0.0666666666666667,0.0541666666666667,0.0541666666666667,0.0416666666666667,0.0791666666666667
"73",0.0469483568075117,0.0469483568075117,0.103286384976526,0.0892018779342723,0.0751173708920188,0.0751173708920188,0.0469483568075117,0.103286384976526,0.0610328638497653,0.0469483568075117,0.0610328638497653,0.0610328638497653,0.0892018779342723,0.0469483568075117,0.0469483568075117
"74",0.0570175438596491,0.043859649122807,0.0964912280701754,0.0701754385964912,0.0701754385964912,0.0833333333333333,0.0570175438596491,0.109649122807018,0.0570175438596491,0.0701754385964912,0.043859649122807,0.043859649122807,0.0964912280701754,0.043859649122807,0.0570175438596491
"75",0.0444444444444444,0.0444444444444444,0.0444444444444444,0.111111111111111,0.0711111111111111,0.0444444444444444,0.0577777777777778,0.0844444444444444,0.0577777777777778,0.0444444444444444,0.0577777777777778,0.0711111111111111,0.124444444444444,0.0577777777777778,0.0844444444444444
"76",0.0512820512820513,0.0512820512820513,0.0512820512820513,0.128205128205128,0.0512820512820513,0.0666666666666667,0.0666666666666667,0.0512820512820513,0.0666666666666667,0.0974358974358975,0.0512820512820513,0.0512820512820513,0.0512820512820513,0.0666666666666667,0.0974358974358975
"77",0.0529100529100529,0.0529100529100529,0.0529100529100529,0.0687830687830688,0.0529100529100529,0.0687830687830688,0.0529100529100529,0.0846560846560847,0.0529100529100529,0.0529100529100529,0.0687830687830688,0.100529100529101,0.0529100529100529,0.0687830687830688,0.116402116402116
"78",0.0619047619047619,0.0476190476190476,0.0619047619047619,0.0761904761904762,0.0476190476190476,0.0619047619047619,0.0476190476190476,0.0476190476190476,0.0619047619047619,0.0904761904761905,0.0619047619047619,0.104761904761905,0.0476190476190476,0.0904761904761905,0.0904761904761905
"79",0.0577777777777778,0.0577777777777778,0.0711111111111111,0.0844444444444444,0.0444444444444444,0.0711111111111111,0.0711111111111111,0.0444444444444444,0.0444444444444444,0.0711111111111111,0.0577777777777778,0.124444444444444,0.0711111111111111,0.0577777777777778,0.0711111111111111
"80",0.0444444444444444,0.0577777777777778,0.0711111111111111,0.0844444444444444,0.0444444444444444,0.0711111111111111,0.0444444444444444,0.0444444444444444,0.0444444444444444,0.0977777777777778,0.0577777777777778,0.124444444444444,0.0844444444444444,0.0577777777777778,0.0711111111111111
"81",0.0593607305936073,0.045662100456621,0.0593607305936073,0.0593607305936073,0.045662100456621,0.045662100456621,0.045662100456621,0.0593607305936073,0.0867579908675799,0.100456621004566,0.0867579908675799,0.0730593607305936,0.114155251141553,0.0593607305936073,0.0593607305936073
"82",0.0421940928270042,0.080168776371308,0.0548523206751055,0.118143459915612,0.0548523206751055,0.0421940928270042,0.0421940928270042,0.0928270042194093,0.0675105485232068,0.0928270042194093,0.0548523206751055,0.0548523206751055,0.080168776371308,0.0675105485232068,0.0548523206751055
"83",0.0476190476190476,0.0366300366300366,0.0366300366300366,0.0586080586080586,0.0476190476190476,0.0586080586080586,0.0805860805860806,0.102564102564103,0.113553113553114,0.179487179487179,0.0476190476190476,0.0586080586080586,0.0366300366300366,0.0586080586080586,0.0366300366300366
"84",0.0333333333333333,0.0333333333333333,0.0533333333333333,0.0633333333333333,0.0333333333333333,0.0333333333333333,0.0833333333333333,0.103333333333333,0.0833333333333333,0.243333333333333,0.0433333333333333,0.0633333333333333,0.0533333333333333,0.0433333333333333,0.0333333333333333
"85",0.039039039039039,0.0570570570570571,0.03003003003003,0.039039039039039,0.03003003003003,0.0570570570570571,0.102102102102102,0.111111111111111,0.0480480480480481,0.228228228228228,0.039039039039039,0.0570570570570571,0.0840840840840841,0.0480480480480481,0.03003003003003
"86",0.0522875816993464,0.0718954248366013,0.0522875816993464,0.0326797385620915,0.0326797385620915,0.042483660130719,0.0915032679738562,0.150326797385621,0.0326797385620915,0.160130718954248,0.042483660130719,0.0522875816993464,0.0915032679738562,0.0522875816993464,0.042483660130719
"87",0.0429042904290429,0.0726072607260726,0.0726072607260726,0.0726072607260726,0.0429042904290429,0.0627062706270627,0.0528052805280528,0.112211221122112,0.0528052805280528,0.0924092409240924,0.0627062706270627,0.0627062706270627,0.112211221122112,0.0528052805280528,0.033003300330033
"88",0.0392156862745098,0.109803921568627,0.0509803921568628,0.0627450980392157,0.0509803921568628,0.0627450980392157,0.0509803921568628,0.0627450980392157,0.0862745098039216,0.0980392156862745,0.0862745098039216,0.0509803921568628,0.0392156862745098,0.109803921568627,0.0392156862745098
"89",0.049808429118774,0.0957854406130268,0.049808429118774,0.049808429118774,0.0383141762452107,0.049808429118774,0.049808429118774,0.14176245210728,0.0613026819923372,0.0727969348659004,0.0613026819923372,0.0842911877394636,0.0613026819923372,0.0842911877394636,0.049808429118774
"90",0.0555555555555556,0.094017094017094,0.0555555555555556,0.0427350427350427,0.0811965811965812,0.0427350427350427,0.0555555555555556,0.11965811965812,0.0427350427350427,0.0811965811965812,0.0555555555555556,0.106837606837607,0.0427350427350427,0.0811965811965812,0.0427350427350427
"91",0.0421940928270042,0.0675105485232068,0.0421940928270042,0.0421940928270042,0.0928270042194093,0.0421940928270042,0.0548523206751055,0.156118143459916,0.0675105485232068,0.0928270042194093,0.0675105485232068,0.105485232067511,0.0421940928270042,0.0421940928270042,0.0421940928270042
"92",0.040650406504065,0.0528455284552846,0.0528455284552846,0.0650406504065041,0.101626016260163,0.040650406504065,0.0528455284552846,0.113821138211382,0.0650406504065041,0.0528455284552846,0.040650406504065,0.186991869918699,0.040650406504065,0.0528455284552846,0.040650406504065
"93",0.0374531835205993,0.0374531835205993,0.048689138576779,0.0374531835205993,0.0823970037453184,0.048689138576779,0.0374531835205993,0.104868913857678,0.048689138576779,0.048689138576779,0.116104868913858,0.205992509363296,0.048689138576779,0.048689138576779,0.048689138576779
"94",0.0366300366300366,0.0366300366300366,0.0366300366300366,0.0586080586080586,0.0695970695970696,0.0695970695970696,0.113553113553114,0.0805860805860806,0.0915750915750916,0.0586080586080586,0.0695970695970696,0.135531135531136,0.0476190476190476,0.0366300366300366,0.0586080586080586
"95",0.0688405797101449,0.0905797101449275,0.036231884057971,0.0471014492753623,0.0471014492753623,0.0579710144927536,0.0688405797101449,0.0905797101449275,0.036231884057971,0.0797101449275362,0.144927536231884,0.0688405797101449,0.0471014492753623,0.0471014492753623,0.0688405797101449
"96",0.102880658436214,0.0905349794238683,0.065843621399177,0.0534979423868313,0.0534979423868313,0.0534979423868313,0.0781893004115226,0.065843621399177,0.065843621399177,0.065843621399177,0.0781893004115226,0.0534979423868313,0.065843621399177,0.0411522633744856,0.065843621399177
"97",0.0855855855855856,0.13963963963964,0.045045045045045,0.0585585585585586,0.0585585585585586,0.045045045045045,0.0585585585585586,0.112612612612613,0.045045045045045,0.0585585585585586,0.0585585585585586,0.045045045045045,0.0720720720720721,0.045045045045045,0.0720720720720721
"98",0.0784313725490196,0.122549019607843,0.0490196078431373,0.0784313725490196,0.0490196078431373,0.0637254901960784,0.0490196078431373,0.122549019607843,0.0490196078431373,0.0637254901960784,0.0490196078431373,0.0490196078431373,0.0784313725490196,0.0490196078431373,0.0490196078431373
"99",0.0637254901960784,0.122549019607843,0.0490196078431373,0.0931372549019608,0.0490196078431373,0.0637254901960784,0.0490196078431373,0.0931372549019608,0.0490196078431373,0.0637254901960784,0.0490196078431373,0.0637254901960784,0.0784313725490196,0.0490196078431373,0.0637254901960784
"100",0.0637254901960784,0.122549019607843,0.0490196078431373,0.122549019607843,0.0490196078431373,0.0490196078431373,0.0490196078431373,0.122549019607843,0.0490196078431373,0.0637254901960784,0.0637254901960784,0.0490196078431373,0.0490196078431373,0.0490196078431373,0.0490196078431373
"101",0.0529100529100529,0.100529100529101,0.0687830687830688,0.0687830687830688,0.0529100529100529,0.0687830687830688,0.0529100529100529,0.116402116402116,0.0687830687830688,0.0687830687830688,0.0687830687830688,0.0529100529100529,0.0529100529100529,0.0529100529100529,0.0529100529100529
"102",0.0476190476190476,0.0619047619047619,0.0619047619047619,0.0619047619047619,0.0619047619047619,0.104761904761905,0.0476190476190476,0.161904761904762,0.0619047619047619,0.0619047619047619,0.0619047619047619,0.0619047619047619,0.0476190476190476,0.0476190476190476,0.0476190476190476
"103",0.045662100456621,0.045662100456621,0.045662100456621,0.045662100456621,0.0730593607305936,0.114155251141553,0.045662100456621,0.155251141552511,0.0867579908675799,0.0593607305936073,0.045662100456621,0.0730593607305936,0.045662100456621,0.0593607305936073,0.0593607305936073
"104",0.0432900432900433,0.0432900432900433,0.0562770562770563,0.0692640692640693,0.0562770562770563,0.108225108225108,0.0432900432900433,0.108225108225108,0.0952380952380952,0.0692640692640693,0.0562770562770563,0.0562770562770563,0.0692640692640693,0.0822510822510823,0.0432900432900433
"105",0.0833333333333333,0.0570175438596491,0.043859649122807,0.149122807017544,0.043859649122807,0.043859649122807,0.0570175438596491,0.0833333333333333,0.0570175438596491,0.043859649122807,0.0964912280701754,0.0833333333333333,0.0570175438596491,0.043859649122807,0.0570175438596491
"106",0.0534979423868313,0.065843621399177,0.0411522633744856,0.189300411522634,0.065843621399177,0.0781893004115226,0.0534979423868313,0.065843621399177,0.0534979423868313,0.0411522633744856,0.065843621399177,0.0411522633744856,0.0534979423868313,0.0905349794238683,0.0411522633744856
"107",0.080168776371308,0.0548523206751055,0.0421940928270042,0.143459915611814,0.0548523206751055,0.0675105485232068,0.0421940928270042,0.0675105485232068,0.0548523206751055,0.0548523206751055,0.0928270042194093,0.0548523206751055,0.0548523206751055,0.0548523206751055,0.080168776371308
"108",0.0823970037453184,0.048689138576779,0.0374531835205993,0.138576779026217,0.048689138576779,0.0599250936329588,0.0374531835205993,0.0599250936329588,0.0936329588014981,0.0374531835205993,0.0711610486891386,0.048689138576779,0.048689138576779,0.127340823970037,0.0599250936329588
"109",0.105919003115265,0.0778816199376947,0.0498442367601246,0.171339563862928,0.0498442367601246,0.0498442367601246,0.0498442367601246,0.0404984423676013,0.105919003115265,0.059190031152648,0.0685358255451713,0.0498442367601246,0.0404984423676013,0.0498442367601246,0.0311526479750779
"110",0.0679012345679012,0.058641975308642,0.0308641975308642,0.243827160493827,0.0308641975308642,0.0308641975308642,0.0679012345679012,0.0493827160493827,0.0679012345679012,0.058641975308642,0.0771604938271605,0.0679012345679012,0.0401234567901235,0.0679012345679012,0.0401234567901235
"111",0.0533333333333333,0.0633333333333333,0.0333333333333333,0.193333333333333,0.0333333333333333,0.0533333333333333,0.0933333333333333,0.0733333333333333,0.0633333333333333,0.0633333333333333,0.123333333333333,0.0333333333333333,0.0333333333333333,0.0533333333333333,0.0333333333333333
"112",0.0416666666666667,0.0666666666666667,0.0416666666666667,0.166666666666667,0.0416666666666667,0.0416666666666667,0.0666666666666667,0.0541666666666667,0.0666666666666667,0.0541666666666667,0.0916666666666667,0.0541666666666667,0.0416666666666667,0.104166666666667,0.0666666666666667
"113",0.0555555555555556,0.0555555555555556,0.0451388888888889,0.201388888888889,0.0451388888888889,0.0451388888888889,0.0763888888888889,0.0555555555555556,0.0659722222222222,0.0555555555555556,0.0347222222222222,0.0451388888888889,0.0347222222222222,0.107638888888889,0.0763888888888889
"114",0.0429042904290429,0.033003300330033,0.0429042904290429,0.161716171617162,0.0627062706270627,0.0528052805280528,0.0528052805280528,0.033003300330033,0.0429042904290429,0.0528052805280528,0.033003300330033,0.0528052805280528,0.033003300330033,0.240924092409241,0.0627062706270627
"115",0.042483660130719,0.0522875816993464,0.042483660130719,0.140522875816993,0.0718954248366013,0.0718954248366013,0.0522875816993464,0.0915032679738562,0.042483660130719,0.042483660130719,0.0620915032679739,0.0718954248366013,0.042483660130719,0.140522875816993,0.0326797385620915
"116",0.0433333333333333,0.0333333333333333,0.0333333333333333,0.213333333333333,0.0733333333333333,0.0333333333333333,0.0333333333333333,0.0733333333333333,0.0733333333333333,0.0633333333333333,0.103333333333333,0.0533333333333333,0.0533333333333333,0.0633333333333333,0.0533333333333333
"117",0.0396825396825397,0.0873015873015873,0.0515873015873016,0.111111111111111,0.0753968253968254,0.0396825396825397,0.0396825396825397,0.0396825396825397,0.0753968253968254,0.0396825396825397,0.158730158730159,0.0753968253968254,0.0396825396825397,0.0634920634920635,0.0634920634920635
"118",0.0387596899224806,0.062015503875969,0.062015503875969,0.062015503875969,0.0852713178294574,0.0387596899224806,0.0503875968992248,0.143410852713178,0.062015503875969,0.0503875968992248,0.155038759689922,0.062015503875969,0.0387596899224806,0.0503875968992248,0.0387596899224806
"119",0.0627062706270627,0.0726072607260726,0.0429042904290429,0.0627062706270627,0.0924092409240924,0.033003300330033,0.0627062706270627,0.151815181518152,0.0429042904290429,0.0528052805280528,0.102310231023102,0.0924092409240924,0.033003300330033,0.0528052805280528,0.0429042904290429
"120",0.0740740740740741,0.0437710437710438,0.063973063973064,0.0841750841750842,0.144781144781145,0.0336700336700337,0.0538720538720539,0.124579124579125,0.0437710437710438,0.0437710437710438,0.0942760942760943,0.0538720538720539,0.0437710437710438,0.0437710437710438,0.0538720538720539
"121",0.0555555555555556,0.128472222222222,0.0555555555555556,0.0763888888888889,0.0972222222222222,0.0555555555555556,0.0659722222222222,0.0868055555555556,0.0555555555555556,0.0763888888888889,0.0555555555555556,0.0451388888888889,0.0451388888888889,0.0451388888888889,0.0555555555555556
"122",0.0378787878787879,0.231060606060606,0.0606060606060606,0.071969696969697,0.0492424242424242,0.0492424242424242,0.0833333333333333,0.071969696969697,0.0492424242424242,0.0378787878787879,0.0378787878787879,0.0378787878787879,0.0833333333333333,0.0492424242424242,0.0492424242424242
"123",0.0336700336700337,0.326599326599327,0.0336700336700337,0.0336700336700337,0.0538720538720539,0.0437710437710438,0.063973063973064,0.0538720538720539,0.0538720538720539,0.0437710437710438,0.0336700336700337,0.0437710437710438,0.0942760942760943,0.0437710437710438,0.0437710437710438
"124",0.02710027100271,0.425474254742547,0.02710027100271,0.02710027100271,0.035230352303523,0.02710027100271,0.0514905149051491,0.0596205962059621,0.0433604336043361,0.0596205962059621,0.02710027100271,0.035230352303523,0.0596205962059621,0.0433604336043361,0.0514905149051491
"125",0.0534188034188034,0.566239316239316,0.0213675213675214,0.0341880341880342,0.0341880341880342,0.0277777777777778,0.0213675213675214,0.0405982905982906,0.0277777777777778,0.0277777777777778,0.0213675213675214,0.0341880341880342,0.0341880341880342,0.0213675213675214,0.0341880341880342
"126",0.0433925049309665,0.522682445759369,0.0256410256410256,0.0315581854043393,0.0315581854043393,0.019723865877712,0.0256410256410256,0.0552268244575937,0.019723865877712,0.0374753451676529,0.0256410256410256,0.0256410256410256,0.0433925049309665,0.0374753451676529,0.0552268244575937
"127",0.04337899543379,0.461187214611872,0.0365296803652968,0.0365296803652968,0.0707762557077626,0.0228310502283105,0.0228310502283105,0.0570776255707763,0.0228310502283105,0.0365296803652968,0.0296803652968037,0.0365296803652968,0.0296803652968037,0.0570776255707763,0.0365296803652968
"128",0.0575757575757576,0.33030303030303,0.0484848484848485,0.0393939393939394,0.0575757575757576,0.0575757575757576,0.0484848484848485,0.0484848484848485,0.0393939393939394,0.0484848484848485,0.0393939393939394,0.0303030303030303,0.0484848484848485,0.0757575757575758,0.0303030303030303
"129",0.0515873015873016,0.23015873015873,0.0396825396825397,0.0992063492063492,0.0634920634920635,0.0396825396825397,0.0634920634920635,0.0515873015873016,0.0515873015873016,0.0396825396825397,0.0396825396825397,0.0634920634920635,0.0396825396825397,0.0873015873015873,0.0396825396825397
"130",0.0401606425702811,0.14859437751004,0.0642570281124498,0.100401606425703,0.0401606425702811,0.0522088353413655,0.0401606425702811,0.0522088353413655,0.0763052208835341,0.0642570281124498,0.0522088353413655,0.0883534136546185,0.0642570281124498,0.0642570281124498,0.0522088353413655
"131",0.0585585585585586,0.0720720720720721,0.0720720720720721,0.0855855855855856,0.045045045045045,0.0855855855855856,0.045045045045045,0.0585585585585586,0.0855855855855856,0.045045045045045,0.0585585585585586,0.112612612612613,0.045045045045045,0.0585585585585586,0.0720720720720721
"132",0.0444444444444444,0.0844444444444444,0.0444444444444444,0.0844444444444444,0.0577777777777778,0.0577777777777778,0.0444444444444444,0.0577777777777778,0.0977777777777778,0.0444444444444444,0.0577777777777778,0.111111111111111,0.0444444444444444,0.0844444444444444,0.0844444444444444
"133",0.0570175438596491,0.0833333333333333,0.043859649122807,0.043859649122807,0.0701754385964912,0.043859649122807,0.0570175438596491,0.0570175438596491,0.12280701754386,0.0701754385964912,0.0570175438596491,0.12280701754386,0.0570175438596491,0.0570175438596491,0.0570175438596491
"134",0.045662100456621,0.045662100456621,0.045662100456621,0.0730593607305936,0.0593607305936073,0.045662100456621,0.0593607305936073,0.0593607305936073,0.0730593607305936,0.0593607305936073,0.100456621004566,0.100456621004566,0.0730593607305936,0.100456621004566,0.0593607305936073
"135",0.0432900432900433,0.0432900432900433,0.0562770562770563,0.0562770562770563,0.0562770562770563,0.0432900432900433,0.0562770562770563,0.0692640692640693,0.0692640692640693,0.121212121212121,0.0692640692640693,0.147186147186147,0.0692640692640693,0.0562770562770563,0.0432900432900433
"136",0.0509803921568628,0.0392156862745098,0.0392156862745098,0.0509803921568628,0.0509803921568628,0.0392156862745098,0.0392156862745098,0.0745098039215686,0.0509803921568628,0.203921568627451,0.0980392156862745,0.12156862745098,0.0392156862745098,0.0627450980392157,0.0392156862745098
"137",0.0727969348659004,0.0613026819923372,0.049808429118774,0.049808429118774,0.0383141762452107,0.0383141762452107,0.049808429118774,0.0727969348659004,0.0383141762452107,0.187739463601533,0.0957854406130268,0.130268199233716,0.0383141762452107,0.0383141762452107,0.0383141762452107
"138",0.0763888888888889,0.0555555555555556,0.0451388888888889,0.0659722222222222,0.0347222222222222,0.0555555555555556,0.0555555555555556,0.0763888888888889,0.0347222222222222,0.232638888888889,0.0868055555555556,0.0763888888888889,0.0347222222222222,0.0347222222222222,0.0347222222222222
"139",0.0627450980392157,0.0862745098039216,0.0862745098039216,0.0509803921568628,0.0392156862745098,0.0627450980392157,0.0392156862745098,0.0627450980392157,0.0392156862745098,0.192156862745098,0.0627450980392157,0.0627450980392157,0.0509803921568628,0.0509803921568628,0.0509803921568628
